8 0.2599 0.417486 0.0758182 0.19994
10 0.268956 0.0889771 0.0509028 0.104088
12 0.174957 0.25262 0.0612274 0.123408
12 0.644529 0.774355 0.0711498 0.141935
10 0.355253 0.181978 0.0500532 0.104576
10 0.429666 0.339701 0.0501574 0.106531
2 0.723585 0.63884 0.0850887 0.200287
4 0.621094 0.546676 0.0511392 0.111866
5 0.59359 0.328443 0.0653262 0.174773
3 0.434027 0.436243 0.0655541 0.142435
4 0.510507 0.338513 0.0503782 0.106978
4 0.675783 0.255506 0.049466 0.106493
10 0.25476 0.670378 0.061836 0.115063
6 0.84561 0.780742 0.0772539 0.135809
