1 0.805005 0.496409 0.057967 0.130218
2 0.790216 0.368038 0.0770044 0.186138
10 0.282097 0.223226 0.0456553 0.0960144
9 0.199576 0.129091 0.0570574 0.12273
10 0.275362 0.411121 0.0511961 0.101089
7 0.162379 0.489039 0.0598579 0.135983
8 0.17515 0.363384 0.0668041 0.19028
11 0.189799 0.277096 0.0639158 0.1667
10 0.263847 0.615991 0.0545273 0.10679
4 0.698497 0.4033 0.0481249 0.0986275
4 0.665573 0.145581 0.0416744 0.0916695
4 0.740108 0.734444 0.0529236 0.105184
10 0.266146 0.51281 0.0522163 0.101154
12 0.142788 0.747299 0.0666412 0.137584
5 0.78427 0.294983 0.0710855 0.159219
10 0.284906 0.0560921 0.0416541 0.0971997
4 0.677263 0.227082 0.0440165 0.0954665
4 0.660357 0.0641943 0.0420884 0.0944347
12 0.209249 0.0528965 0.0508314 0.105267
4 0.72418 0.615027 0.0507854 0.104033
6 0.8416 0.735227 0.0706913 0.124921
4 0.685727 0.307314 0.0446301 0.0963349
1 0.761772 0.215555 0.0535464 0.134228
10 0.252347 0.737328 0.0555971 0.107941
9 0.158264 0.621473 0.069594 0.130515
10 0.276766 0.308369 0.0482873 0.0987601
4 0.711357 0.507848 0.0491734 0.100962
10 0.283687 0.139772 0.0427884 0.092885
7 0.194877 0.202505 0.0505717 0.131285
3 0.747051 0.137238 0.056658 0.11869
3 0.8284 0.608954 0.0709015 0.124106
6 0.741886 0.0659402 0.0500099 0.111257
