9 0.161351 0.547294 0.0768963 0.137658
1 0.358522 0.541757 0.059699 0.139293
10 0.271292 0.166493 0.0466367 0.100495
2 0.768395 0.299074 0.0826578 0.203158
7 0.142464 0.662168 0.0675889 0.142725
1 0.651649 0.0801259 0.0539436 0.140511
10 0.430039 0.558705 0.0477591 0.103892
10 0.415965 0.245793 0.0474376 0.105121
4 0.741246 0.784231 0.0578474 0.112504
8 0.161062 0.406582 0.0778062 0.194717
4 0.542148 0.666434 0.0506043 0.109502
4 0.513035 0.263526 0.0471939 0.104808
9 0.350845 0.328702 0.0592005 0.134279
4 0.357512 0.448816 0.0469619 0.0996144
5 0.521239 0.424683 0.0619735 0.174331
10 0.259544 0.438524 0.0535617 0.10674
12 0.197574 0.090748 0.0573576 0.118991
11 0.274569 0.22282 0.0673384 0.166018
4 0.683128 0.344235 0.0490206 0.106819
4 0.508119 0.0902139 0.0447723 0.10321
10 0.246139 0.66639 0.0541814 0.111167
4 0.59821 0.545064 0.049795 0.108328
10 0.411545 0.0859874 0.045291 0.103384
12 0.34394 0.778967 0.0681107 0.137415
10 0.259898 0.339585 0.0494623 0.101654
3 0.606235 0.340638 0.0582221 0.136225
7 0.185334 0.151265 0.0575756 0.142515
4 0.576852 0.175977 0.045424 0.104382
3 0.647491 0.662842 0.0727463 0.131404
6 0.732128 0.0874408 0.0550868 0.120901
6 0.847512 0.784192 0.0763672 0.133217
10 0.446509 0.788943 0.0556357 0.110877
