3 0.659606 0.974807 0.0536986 0.0503855
6 0.270601 0.09143 0.0398674 0.0977256
3 0.510951 0.338079 0.0444664 0.102498
6 0.42761 0.343139 0.0416222 0.100454
3 0.766531 0.985947 0.0489239 0.0281065
3 0.674605 0.257881 0.0450671 0.0999645
3 0.656749 0.907474 0.0233573 0.0227597
3 0.622883 0.545762 0.04841 0.108471
9 0.427587 0.343291 0.0400735 0.101752
6 0.354546 0.182058 0.0369762 0.0992994
9 0.354382 0.18275 0.0372242 0.0994854
1 0.724453 0.64013 0.0998566 0.200417
3 0.603736 0.284833 0.0395619 0.080611
2 0.591522 0.34034 0.0609924 0.142541
0 0.510171 0.337972 0.042726 0.0970071
6 0.176299 0.256626 0.056256 0.11979
0 0.621161 0.546527 0.0513445 0.106364
