3 0.664104 0.14739 0.0412278 0.0963308
6 0.285085 0.0578321 0.0392353 0.0913677
3 0.65902 0.0666217 0.0428446 0.0955373
9 0.274594 0.413768 0.0458356 0.101866
3 0.675775 0.229589 0.0449007 0.0997645
6 0.283467 0.140888 0.0421523 0.0946664
3 0.69948 0.402944 0.0484297 0.10186
6 0.28334 0.222975 0.0410395 0.102388
5 0.738625 0.735893 0.0542784 0.110703
3 0.685709 0.308096 0.044618 0.0983745
3 0.710254 0.508687 0.0506952 0.103238
9 0.277093 0.309505 0.044145 0.103545
6 0.276176 0.310962 0.0477181 0.100586
7 0.190113 0.280328 0.0621042 0.164437
9 0.287113 0.0561143 0.0404257 0.0937474
3 0.723963 0.613984 0.053339 0.109995
9 0.263167 0.617727 0.0495706 0.10629
9 0.267959 0.514771 0.0519987 0.104237
10 0.144571 0.750326 0.0704022 0.140786
5 0.685841 0.308343 0.0441092 0.0970852
4 0.761715 0.21805 0.0544676 0.127618
9 0.254703 0.738704 0.0562461 0.112916
5 0.674817 0.228394 0.044698 0.100178
5 0.698005 0.40323 0.0494389 0.0999565
10 0.17753 0.374987 0.0682844 0.183743
3 0.745256 0.0648576 0.0531156 0.116538
5 0.710601 0.508379 0.0484804 0.103976
2 0.747331 0.139856 0.0647011 0.120262
9 0.284494 0.140017 0.0426041 0.0971157
3 0.739484 0.735037 0.0573 0.110013
5 0.722549 0.615033 0.053686 0.108153
2 0.721816 0.611951 0.0566122 0.118767
7 0.178349 0.373823 0.0680382 0.185758
2 0.663937 0.146685 0.0401042 0.0957342
6 0.186039 0.276978 0.0566465 0.15289
0 0.658379 0.0657325 0.0431568 0.0963898
6 0.275303 0.413056 0.0463679 0.103286
0 0.825905 0.609227 0.0812676 0.133905
2 0.775944 0.307285 0.0675133 0.147925
