6 0.412357 0.08846 0.0382407 0.0970552
3 0.51234 0.264434 0.0452931 0.103564
0 0.5049 0.0914436 0.0413275 0.0997244
3 0.681874 0.343854 0.0495682 0.103208
3 0.505172 0.0913902 0.0424139 0.101286
3 0.575372 0.177295 0.0429521 0.101228
3 0.599294 0.544971 0.046534 0.110007
9 0.415876 0.247843 0.0396149 0.102873
9 0.413655 0.0875535 0.0378025 0.0986087
6 0.415778 0.247123 0.0405803 0.102382
3 0.545676 0.666059 0.0528503 0.114516
3 0.354675 0.448372 0.0441908 0.100891
6 0.260305 0.437922 0.0490168 0.110881
9 0.260916 0.438393 0.0494813 0.106576
0 0.646876 0.66053 0.0708333 0.136271
9 0.447453 0.790236 0.0586501 0.111196
5 0.742887 0.785066 0.0587605 0.111526
6 0.18586 0.154506 0.051278 0.133551
9 0.260284 0.339422 0.0467444 0.10298
0 0.543544 0.667405 0.050793 0.113478
0 0.574994 0.17693 0.0429396 0.101694
3 0.730271 0.0838704 0.0548245 0.122571
9 0.243925 0.668651 0.0514514 0.111901
5 0.683283 0.341853 0.0452993 0.0991015
6 0.260209 0.340458 0.0469087 0.105894
1 0.767479 0.303376 0.0859895 0.200325
6 0.428941 0.56172 0.05231 0.109232
5 0.540845 0.669416 0.0523359 0.114587
